
DATA_PATH, n, d, k: ../datasets/wine.txt 178 13 3
CONSTRAINTS_PATH: ../constraints/wine/ml_25_cl_25_0.txt
LOG_PATH: ../PRUEBAS/wine/log_wine_ml_25_cl_25_0.txt

BRANCH_AND_BOUND_TOL: 0.0001
BRANCH_AND_BOUND_PARALLEL: 16
BRANCH_AND_BOUND_MAX_NODES: 200
BRANCH_AND_BOUND_VISITING_STRATEGY: 0

SDP_SOLVER_SESSION_THREADS_ROOT: 16
SDP_SOLVER_SESSION_THREADS: 1
SDP_SOLVER_FOLDER: /home/teresa/SDPNAL/SDPNAL+v1.0
SDP_SOLVER_TOL: 1e-05
SDP_SOLVER_VERBOSE: 0
SDP_SOLVER_MAX_CP_ITER_ROOT: 80
SDP_SOLVER_MAX_CP_ITER: 40
SDP_SOLVER_CP_TOL: 1e-06
SDP_SOLVER_MAX_INEQ: 100000
SDP_SOLVER_INHERIT_PERC: 1
SDP_SOLVER_EPS_INEQ: 0.0001
SDP_SOLVER_EPS_ACTIVE: 1e-06
SDP_SOLVER_MAX_PAIR_INEQ: 100000
SDP_SOLVER_PAIR_PERC: 0.05
SDP_SOLVER_MAX_TRIANGLE_INEQ: 100000
SDP_SOLVER_TRIANGLE_PERC: 0.05


|    N| NODE_PAR|    NODE|      LB_PAR|          LB|  FLAG|  TIME (s)| CP_ITER| CP_FLAG|   CP_INEQ|     PAIR  TRIANGLE    CLIQUE|          UB|         GUB|     I      J|     NODE_GAP|          GAP|  OPEN|
|  153|       -1|       0|        -inf| 3.22948e+06|     0|        26|       4|      -3|      6758|      708      3804      0.75| 3.23052e+06|3.23052e+06*|    -1     -1|  0.000322574|  0.000322574|     0|
|  153|        0|       1| 3.22948e+06| 3.23004e+06|     0|         3|       0|       0|      6758|        0         0         0| 3.23052e+06| 3.23052e+06|    54    117|  0.000149814|  0.000149814|     0|
PRUNING BY OPTIMALITY 1
|  152|        0|       2| 3.22948e+06|  3.2306e+06|     0|         6|       1|       2|      7530|       15      5000         0|         inf| 3.23052e+06|    54    117| -2.60707e-05| -2.60707e-05|     0|

WALL_TIME: 37 sec
N_NODES: 3
AVG_INEQ: 3175.92
AVG_CP_ITER: 1.66667
ROOT_GAP: 0.000322574
GAP: 0
BEST: 3.23052e+06

