
DATA_PATH, n, d, k: ../datasets/wine.txt 178 13 3
CONSTRAINTS_PATH: ../constraints/wine/ml_0_cl_100_4.txt
LOG_PATH: ../PRUEBAS/wine/log_wine_ml_0_cl_100_4.txt

BRANCH_AND_BOUND_TOL: 0.0001
BRANCH_AND_BOUND_PARALLEL: 16
BRANCH_AND_BOUND_MAX_NODES: 200
BRANCH_AND_BOUND_VISITING_STRATEGY: 0

SDP_SOLVER_SESSION_THREADS_ROOT: 16
SDP_SOLVER_SESSION_THREADS: 1
SDP_SOLVER_FOLDER: /home/teresa/SDPNAL/SDPNAL+v1.0
SDP_SOLVER_TOL: 1e-05
SDP_SOLVER_VERBOSE: 0
SDP_SOLVER_MAX_CP_ITER_ROOT: 80
SDP_SOLVER_MAX_CP_ITER: 40
SDP_SOLVER_CP_TOL: 1e-06
SDP_SOLVER_MAX_INEQ: 100000
SDP_SOLVER_INHERIT_PERC: 1
SDP_SOLVER_EPS_INEQ: 0.0001
SDP_SOLVER_EPS_ACTIVE: 1e-06
SDP_SOLVER_MAX_PAIR_INEQ: 100000
SDP_SOLVER_PAIR_PERC: 0.05
SDP_SOLVER_MAX_TRIANGLE_INEQ: 100000
SDP_SOLVER_TRIANGLE_PERC: 0.05


|    N| NODE_PAR|    NODE|      LB_PAR|          LB|  FLAG|  TIME (s)| CP_ITER| CP_FLAG|   CP_INEQ|     PAIR  TRIANGLE    CLIQUE|          UB|         GUB|     I      J|     NODE_GAP|          GAP|  OPEN|
|  178|       -1|       0|        -inf|  2.9017e+06|     0|        44|       4|      -3|      6419|    718.5      3788       2.5| 2.90243e+06|2.90243e+06*|    -1     -1|  0.000249365|  0.000249365|     0|
|  178|        0|       1|  2.9017e+06| 2.90232e+06|     0|         6|       0|       2|      6419|        0         0         0| 2.90243e+06| 2.90243e+06|    64    139|  3.73782e-05|  3.73782e-05|     0|
|  177|        0|       2|  2.9017e+06| 2.90306e+06|     0|        21|       2|       2|      6466|    119.5      5000         0|         inf| 2.90243e+06|    64    139| -0.000219092| -0.000219092|     0|

WALL_TIME: 71 sec
N_NODES: 3
AVG_INEQ: 3209.5
AVG_CP_ITER: 2
ROOT_GAP: 0.000249365
GAP: 0
BEST: 2.90243e+06

