
DATA_PATH, n, d, k: ../datasets/wine.txt 178 13 3
CONSTRAINTS_PATH: ../constraints/wine/ml_50_cl_0_3.txt
LOG_PATH: ../PRUEBAS/wine/log_wine_ml_50_cl_0_3.txt

BRANCH_AND_BOUND_TOL: 0.0001
BRANCH_AND_BOUND_PARALLEL: 16
BRANCH_AND_BOUND_MAX_NODES: 200
BRANCH_AND_BOUND_VISITING_STRATEGY: 0

SDP_SOLVER_SESSION_THREADS_ROOT: 16
SDP_SOLVER_SESSION_THREADS: 1
SDP_SOLVER_FOLDER: /home/teresa/SDPNAL/SDPNAL+v1.0
SDP_SOLVER_TOL: 1e-05
SDP_SOLVER_VERBOSE: 0
SDP_SOLVER_MAX_CP_ITER_ROOT: 80
SDP_SOLVER_MAX_CP_ITER: 40
SDP_SOLVER_CP_TOL: 1e-06
SDP_SOLVER_MAX_INEQ: 100000
SDP_SOLVER_INHERIT_PERC: 1
SDP_SOLVER_EPS_INEQ: 0.0001
SDP_SOLVER_EPS_ACTIVE: 1e-06
SDP_SOLVER_MAX_PAIR_INEQ: 100000
SDP_SOLVER_PAIR_PERC: 0.05
SDP_SOLVER_MAX_TRIANGLE_INEQ: 100000
SDP_SOLVER_TRIANGLE_PERC: 0.05


|    N| NODE_PAR|    NODE|      LB_PAR|          LB|  FLAG|  TIME (s)| CP_ITER| CP_FLAG|   CP_INEQ|     PAIR  TRIANGLE    CLIQUE|          UB|         GUB|     I      J|     NODE_GAP|          GAP|  OPEN|
|  128|       -1|       0|        -inf| 3.30064e+06|     0|        37|       6|      -3|      8268|  468.833      4904        13| 3.30173e+06|3.30173e+06*|    -1     -1|  0.000331419|  0.000331419|     0|
|  127|        0|       1| 3.30064e+06| 3.30106e+06|     0|         6|       0|       0|      7746|        0         0         0| 3.30173e+06| 3.30173e+06|    81     89|  0.000202041|  0.000202041|     0|
PRUNING BY OPTIMALITY 1
|  128|        0|       2| 3.30064e+06| 3.30141e+06|     0|         8|       0|       2|      8268|        0         0         0| 3.30217e+06| 3.30173e+06|    81     89|  9.84859e-05|  9.84859e-05|     0|

WALL_TIME: 51 sec
N_NODES: 3
AVG_INEQ: 1795.28
AVG_CP_ITER: 2
ROOT_GAP: 0.000331419
GAP: 0
BEST: 3.30173e+06

