
DATA_PATH, n, d, k: ../datasets/wine.txt 178 13 3
CONSTRAINTS_PATH: ../constraints/wine/ml_50_cl_50_1.txt
LOG_PATH: ../PRUEBAS/wine/log_wine_ml_50_cl_50_1.txt

BRANCH_AND_BOUND_TOL: 0.0001
BRANCH_AND_BOUND_PARALLEL: 16
BRANCH_AND_BOUND_MAX_NODES: 200
BRANCH_AND_BOUND_VISITING_STRATEGY: 0

SDP_SOLVER_SESSION_THREADS_ROOT: 16
SDP_SOLVER_SESSION_THREADS: 1
SDP_SOLVER_FOLDER: /home/teresa/SDPNAL/SDPNAL+v1.0
SDP_SOLVER_TOL: 1e-05
SDP_SOLVER_VERBOSE: 0
SDP_SOLVER_MAX_CP_ITER_ROOT: 80
SDP_SOLVER_MAX_CP_ITER: 40
SDP_SOLVER_CP_TOL: 1e-06
SDP_SOLVER_MAX_INEQ: 100000
SDP_SOLVER_INHERIT_PERC: 1
SDP_SOLVER_EPS_INEQ: 0.0001
SDP_SOLVER_EPS_ACTIVE: 1e-06
SDP_SOLVER_MAX_PAIR_INEQ: 100000
SDP_SOLVER_PAIR_PERC: 0.05
SDP_SOLVER_MAX_TRIANGLE_INEQ: 100000
SDP_SOLVER_TRIANGLE_PERC: 0.05


|    N| NODE_PAR|    NODE|      LB_PAR|          LB|  FLAG|  TIME (s)| CP_ITER| CP_FLAG|   CP_INEQ|     PAIR  TRIANGLE    CLIQUE|          UB|         GUB|     I      J|     NODE_GAP|          GAP|  OPEN|
|  129|       -1|       0|        -inf| 3.75028e+06|     0|        34|       5|      -3|      8668|      312      3140       4.4| 3.75127e+06|3.75127e+06*|    -1     -1|  0.000263625|  0.000263625|     0|
|  129|        0|       1| 3.75028e+06| 3.75125e+06|     0|         3|       0|       2|      8668|        0         0         0| 3.75127e+06| 3.75127e+06|    85     97|  3.56228e-06|  3.56228e-06|     0|
|  128|        0|       2| 3.75028e+06| 3.75088e+06|     0|        25|       3|      -3|      5993|  65.6667      3334         0| 3.75169e+06| 3.75127e+06|    85     97|  0.000103325|  0.000103325|     0|
|  128|        2|       3| 3.75088e+06| 3.75145e+06|     0|         3|       0|       2|      5993|        0         0         0| 3.75169e+06| 3.75127e+06|     2     60|  -4.9844e-05|  -4.9844e-05|     0|
|  127|        2|       4| 3.75088e+06| 3.76495e+06|     0|        13|       0|       2|      5692|        0         0         0|         inf| 3.75127e+06|     2     60|  -0.00364683|  -0.00364683|     0|

WALL_TIME: 81 sec
N_NODES: 5
AVG_INEQ: 1371.21
AVG_CP_ITER: 1.6
ROOT_GAP: 0.000263625
GAP: 0
BEST: 3.75127e+06

