
DATA_PATH, n, d, k: ../datasets/vertebral.txt 310 6 2
CONSTRAINTS_PATH: ../constraints/vertebral/ml_75_cl_75_4.txt
LOG_PATH: ../PRUEBAS/vertebral/log_vertebral_ml_75_cl_75_4.txt

BRANCH_AND_BOUND_TOL: 0.0001
BRANCH_AND_BOUND_PARALLEL: 16
BRANCH_AND_BOUND_MAX_NODES: 200
BRANCH_AND_BOUND_VISITING_STRATEGY: 0

SDP_SOLVER_SESSION_THREADS_ROOT: 16
SDP_SOLVER_SESSION_THREADS: 1
SDP_SOLVER_FOLDER: /home/teresa/SDPNAL/SDPNAL+v1.0
SDP_SOLVER_TOL: 1e-05
SDP_SOLVER_VERBOSE: 0
SDP_SOLVER_MAX_CP_ITER_ROOT: 80
SDP_SOLVER_MAX_CP_ITER: 40
SDP_SOLVER_CP_TOL: 1e-06
SDP_SOLVER_MAX_INEQ: 100000
SDP_SOLVER_INHERIT_PERC: 1
SDP_SOLVER_EPS_INEQ: 0.0001
SDP_SOLVER_EPS_ACTIVE: 1e-06
SDP_SOLVER_MAX_PAIR_INEQ: 100000
SDP_SOLVER_PAIR_PERC: 0.05
SDP_SOLVER_MAX_TRIANGLE_INEQ: 100000
SDP_SOLVER_TRIANGLE_PERC: 0.05


|    N| NODE_PAR|    NODE|      LB_PAR|          LB|  FLAG|  TIME (s)| CP_ITER| CP_FLAG|   CP_INEQ|     PAIR  TRIANGLE    CLIQUE|          UB|         GUB|     I      J|     NODE_GAP|          GAP|  OPEN|
|  198|       -1|       0|        -inf|      584329|     0|        64|       4|      -3|      8982|     1260      5000     11.75|      584450|     584450*|    -1     -1|  0.000207949|  0.000207949|     0|
|  197|        0|       1|      584329|      584433|     0|        25|       1|       2|      7998|        0      5000         0|      584466|      584450|    15    105|  3.06936e-05|  3.06936e-05|     0|
|  198|        0|       2|      584329|      584335|     0|        31|       1|      -3|      8982|        0      5000         0|      584450|      584450|    15    105|   0.00019796|   0.00019796|     0|
|  198|        2|       3|      584335|      584396|     0|         9|       0|       2|      8982|        0         0         0|      584450|      584450|    86    185|  9.26307e-05|  9.26307e-05|     0|
|  197|        2|       4|      584335|      584437|     0|        15|       0|       2|      8958|        0         0         0|      584678|      584450|    86    185|  2.29108e-05|  2.29108e-05|     0|

WALL_TIME: 118 sec
N_NODES: 5
AVG_INEQ: 3254.35
AVG_CP_ITER: 1.2
ROOT_GAP: 0.000207949
GAP: 0
BEST: 584450

