
DATA_PATH, n, d, k: ../datasets/vertebral.txt 310 6 2
CONSTRAINTS_PATH: ../constraints/vertebral/ml_0_cl_100_4.txt
LOG_PATH: ../PRUEBAS/vertebral/log_vertebral_ml_0_cl_100_4.txt

BRANCH_AND_BOUND_TOL: 0.0001
BRANCH_AND_BOUND_PARALLEL: 16
BRANCH_AND_BOUND_MAX_NODES: 200
BRANCH_AND_BOUND_VISITING_STRATEGY: 0

SDP_SOLVER_SESSION_THREADS_ROOT: 16
SDP_SOLVER_SESSION_THREADS: 1
SDP_SOLVER_FOLDER: /home/teresa/SDPNAL/SDPNAL+v1.0
SDP_SOLVER_TOL: 1e-05
SDP_SOLVER_VERBOSE: 0
SDP_SOLVER_MAX_CP_ITER_ROOT: 80
SDP_SOLVER_MAX_CP_ITER: 40
SDP_SOLVER_CP_TOL: 1e-06
SDP_SOLVER_MAX_INEQ: 100000
SDP_SOLVER_INHERIT_PERC: 1
SDP_SOLVER_EPS_INEQ: 0.0001
SDP_SOLVER_EPS_ACTIVE: 1e-06
SDP_SOLVER_MAX_PAIR_INEQ: 100000
SDP_SOLVER_PAIR_PERC: 0.05
SDP_SOLVER_MAX_TRIANGLE_INEQ: 100000
SDP_SOLVER_TRIANGLE_PERC: 0.05


|    N| NODE_PAR|    NODE|      LB_PAR|          LB|  FLAG|  TIME (s)| CP_ITER| CP_FLAG|   CP_INEQ|     PAIR  TRIANGLE    CLIQUE|          UB|         GUB|     I      J|     NODE_GAP|          GAP|  OPEN|
|  258|       -1|       0|        -inf|      524217|     0|       211|       9|      -3|      7660|      910      4563   7.55556|      524298|     524298*|    -1     -1|   0.00015564|   0.00015564|     0|
|  258|        0|       1|      524217|      524284|     0|        19|       0|       2|      7660|        0         0         0|      524298|      524298|    78     89|  2.80244e-05|  2.80244e-05|     0|
|  257|        0|       2|      524217|      524217|     0|       113|       3|      -3|     10773|      126      5000         0|      524308|      524298|    78     89|   0.00015564|   0.00015564|     0|
|  257|        2|       3|      524217|      524242|     0|        58|       1|      -3|     10773|        0      5000         0|      524308|      524298|    96    145|  0.000108437|  0.000108437|     0|
|  256|        2|       4|      524217|      524260|     0|        62|       1|       2|      9539|      115      5000         0|      524361|      524298|    96    145|  7.24842e-05|  7.24842e-05|     0|
|  257|        3|       5|      524242|      524301|     0|        10|       0|       2|     10773|        0         0         0|      524308|      524298|    15     48| -4.85826e-06| -4.85826e-06|     0|
|  256|        3|       6|      524242|      524253|     0|        46|       1|       2|      9527|        1      5000         0|      524334|      524298|    15     48|  8.68119e-05|  8.68119e-05|     0|

WALL_TIME: 441 sec
N_NODES: 7
AVG_INEQ: 3674.65
AVG_CP_ITER: 2.14286
ROOT_GAP: 0.00015564
GAP: 0
BEST: 524298

