
DATA_PATH, n, d, k: ../datasets/vertebral.txt 310 6 2
CONSTRAINTS_PATH: ../constraints/vertebral/ml_0_cl_150_1.txt
LOG_PATH: ../PRUEBAS/vertebral/log_vertebral_ml_0_cl_150_1.txt

BRANCH_AND_BOUND_TOL: 0.0001
BRANCH_AND_BOUND_PARALLEL: 16
BRANCH_AND_BOUND_MAX_NODES: 200
BRANCH_AND_BOUND_VISITING_STRATEGY: 0

SDP_SOLVER_SESSION_THREADS_ROOT: 16
SDP_SOLVER_SESSION_THREADS: 1
SDP_SOLVER_FOLDER: /home/teresa/SDPNAL/SDPNAL+v1.0
SDP_SOLVER_TOL: 1e-05
SDP_SOLVER_VERBOSE: 0
SDP_SOLVER_MAX_CP_ITER_ROOT: 80
SDP_SOLVER_MAX_CP_ITER: 40
SDP_SOLVER_CP_TOL: 1e-06
SDP_SOLVER_MAX_INEQ: 100000
SDP_SOLVER_INHERIT_PERC: 1
SDP_SOLVER_EPS_INEQ: 0.0001
SDP_SOLVER_EPS_ACTIVE: 1e-06
SDP_SOLVER_MAX_PAIR_INEQ: 100000
SDP_SOLVER_PAIR_PERC: 0.05
SDP_SOLVER_MAX_TRIANGLE_INEQ: 100000
SDP_SOLVER_TRIANGLE_PERC: 0.05


|    N| NODE_PAR|    NODE|      LB_PAR|          LB|  FLAG|  TIME (s)| CP_ITER| CP_FLAG|   CP_INEQ|     PAIR  TRIANGLE    CLIQUE|          UB|         GUB|     I      J|     NODE_GAP|          GAP|  OPEN|
|  200|       -1|       0|        -inf|      554557|     0|        61|       5|      -3|      7258|    916.2      4100       3.2|      554651|     554651*|    -1     -1|  0.000168363|  0.000168363|     0|
|  200|        0|       1|      554557|      554625|     0|         7|       0|       2|      7258|        0         0         0|      554651|      554651|     7    138|  4.57287e-05|  4.57287e-05|     0|
|  199|        0|       2|      554557|      554581|     0|        74|       1|      -3|      6444|        0      5000         0|      554693|      554651|     7    138|  0.000125104|  0.000125104|     0|
|  199|        2|       3|      554581|      554654|     0|         7|       0|       2|      6444|        0         0         0|      554693|      554651|     7     76| -4.92512e-06| -4.92512e-06|     0|
|  198|        2|       4|      554581|      554753|     0|         9|       0|       2|      5730|        0         0         0|         inf|      554651|     7     76| -0.000183967| -0.000183967|     0|

WALL_TIME: 153 sec
N_NODES: 5
AVG_INEQ: 2003.88
AVG_CP_ITER: 1.2
ROOT_GAP: 0.000168363
GAP: 0
BEST: 554651

