
DATA_PATH, n, d, k: ../datasets/vertebral.txt 310 6 2
CONSTRAINTS_PATH: ../constraints/vertebral/ml_0_cl_100_2.txt
LOG_PATH: ../PRUEBAS/vertebral/log_vertebral_ml_0_cl_100_2.txt

BRANCH_AND_BOUND_TOL: 0.0001
BRANCH_AND_BOUND_PARALLEL: 16
BRANCH_AND_BOUND_MAX_NODES: 200
BRANCH_AND_BOUND_VISITING_STRATEGY: 0

SDP_SOLVER_SESSION_THREADS_ROOT: 16
SDP_SOLVER_SESSION_THREADS: 1
SDP_SOLVER_FOLDER: /home/teresa/SDPNAL/SDPNAL+v1.0
SDP_SOLVER_TOL: 1e-05
SDP_SOLVER_VERBOSE: 0
SDP_SOLVER_MAX_CP_ITER_ROOT: 80
SDP_SOLVER_MAX_CP_ITER: 40
SDP_SOLVER_CP_TOL: 1e-06
SDP_SOLVER_MAX_INEQ: 100000
SDP_SOLVER_INHERIT_PERC: 1
SDP_SOLVER_EPS_INEQ: 0.0001
SDP_SOLVER_EPS_ACTIVE: 1e-06
SDP_SOLVER_MAX_PAIR_INEQ: 100000
SDP_SOLVER_PAIR_PERC: 0.05
SDP_SOLVER_MAX_TRIANGLE_INEQ: 100000
SDP_SOLVER_TRIANGLE_PERC: 0.05


|    N| NODE_PAR|    NODE|      LB_PAR|          LB|  FLAG|  TIME (s)| CP_ITER| CP_FLAG|   CP_INEQ|     PAIR  TRIANGLE    CLIQUE|          UB|         GUB|     I      J|     NODE_GAP|          GAP|  OPEN|
|  252|       -1|       0|        -inf|      538541|     0|       214|       9|      -3|      8455|      957      5000   13.7778|      538657|     538657*|    -1     -1|  0.000216064|  0.000216064|     0|
|  252|        0|       1|      538541|      538605|     0|        38|       1|       2|      5845|        0      2560         0|      538657|      538657|   200    201|  9.62904e-05|  9.62904e-05|     0|
|  251|        0|       2|      538541|      538655|     0|        46|       1|       2|      7951|        1      5000         0|      538736|      538657|   200    201|  4.31509e-06|  4.31509e-06|     0|

WALL_TIME: 267 sec
N_NODES: 3
AVG_INEQ: 4510.59
AVG_CP_ITER: 3.66667
ROOT_GAP: 0.000216064
GAP: 0
BEST: 538657

