
DATA_PATH, n, d, k: ../datasets/vertebral.txt 310 6 2
CONSTRAINTS_PATH: ../constraints/vertebral/ml_100_cl_0_3.txt
LOG_PATH: ../PRUEBAS/vertebral/log_vertebral_ml_100_cl_0_3.txt

BRANCH_AND_BOUND_TOL: 0.0001
BRANCH_AND_BOUND_PARALLEL: 16
BRANCH_AND_BOUND_MAX_NODES: 200
BRANCH_AND_BOUND_VISITING_STRATEGY: 0

SDP_SOLVER_SESSION_THREADS_ROOT: 16
SDP_SOLVER_SESSION_THREADS: 1
SDP_SOLVER_FOLDER: /home/teresa/SDPNAL/SDPNAL+v1.0
SDP_SOLVER_TOL: 1e-05
SDP_SOLVER_VERBOSE: 0
SDP_SOLVER_MAX_CP_ITER_ROOT: 80
SDP_SOLVER_MAX_CP_ITER: 40
SDP_SOLVER_CP_TOL: 1e-06
SDP_SOLVER_MAX_INEQ: 100000
SDP_SOLVER_INHERIT_PERC: 1
SDP_SOLVER_EPS_INEQ: 0.0001
SDP_SOLVER_EPS_ACTIVE: 1e-06
SDP_SOLVER_MAX_PAIR_INEQ: 100000
SDP_SOLVER_PAIR_PERC: 0.05
SDP_SOLVER_MAX_TRIANGLE_INEQ: 100000
SDP_SOLVER_TRIANGLE_PERC: 0.05


|    N| NODE_PAR|    NODE|      LB_PAR|          LB|  FLAG|  TIME (s)| CP_ITER| CP_FLAG|   CP_INEQ|     PAIR  TRIANGLE    CLIQUE|          UB|         GUB|     I      J|     NODE_GAP|          GAP|  OPEN|
|  210|       -1|       0|        -inf|      564235|     0|        64|       5|      -3|      8145|   1439.4      4199      26.6|      564343|     564343*|    -1     -1|  0.000190954|  0.000190954|     0|
|  210|        0|       1|      564235|      564235|     0|        11|       0|       0|      8145|        0         0         0|      564343|      564343|    33     52|  0.000190954|  0.000190954|     0|
PRUNING BY OPTIMALITY 1
|  209|        0|       2|      564235|      564250|     0|        32|       2|      -3|      8484|      103      5000         0|      564373|      564343|    33     52|  0.000164573|  0.000164573|     0|
|  209|        2|       3|      564250|      564250|     0|        22|       1|      -3|      8484|        0      5000         0|      564373|      564343|    26    200|  0.000164573|  0.000164573|     0|
|  209|        3|       4|      564250|      564325|     0|        13|       0|       2|      8484|        0         0         0|      564373|      564343|    24     68|  3.11572e-05|  3.11572e-05|     0|
|  208|        3|       5|      564250|      564312|     0|        16|       0|       2|      8347|        0         0         0|      564504|      564343|    24     68|  5.46902e-05|  5.46902e-05|     0|
|  208|        2|       6|      564250|      564290|     0|        75|       2|       2|      9489|      335      5000         0|      564432|      564343|    26    200|  9.33691e-05|  9.33691e-05|     0|

WALL_TIME: 179 sec
N_NODES: 7
AVG_INEQ: 3014.71
AVG_CP_ITER: 1.42857
ROOT_GAP: 0.000190954
GAP: 0
BEST: 564343

