
DATA_PATH, n, d, k: ../datasets/vertebral.txt 310 6 2
CONSTRAINTS_PATH: ../constraints/vertebral/ml_50_cl_50_3.txt
LOG_PATH: ../PRUEBAS/vertebral/log_vertebral_ml_50_cl_50_3.txt

BRANCH_AND_BOUND_TOL: 0.0001
BRANCH_AND_BOUND_PARALLEL: 16
BRANCH_AND_BOUND_MAX_NODES: 200
BRANCH_AND_BOUND_VISITING_STRATEGY: 0

SDP_SOLVER_SESSION_THREADS_ROOT: 16
SDP_SOLVER_SESSION_THREADS: 1
SDP_SOLVER_FOLDER: /home/teresa/SDPNAL/SDPNAL+v1.0
SDP_SOLVER_TOL: 1e-05
SDP_SOLVER_VERBOSE: 0
SDP_SOLVER_MAX_CP_ITER_ROOT: 80
SDP_SOLVER_MAX_CP_ITER: 40
SDP_SOLVER_CP_TOL: 1e-06
SDP_SOLVER_MAX_INEQ: 100000
SDP_SOLVER_INHERIT_PERC: 1
SDP_SOLVER_EPS_INEQ: 0.0001
SDP_SOLVER_EPS_ACTIVE: 1e-06
SDP_SOLVER_MAX_PAIR_INEQ: 100000
SDP_SOLVER_PAIR_PERC: 0.05
SDP_SOLVER_MAX_TRIANGLE_INEQ: 100000
SDP_SOLVER_TRIANGLE_PERC: 0.05


|    N| NODE_PAR|    NODE|      LB_PAR|          LB|  FLAG|  TIME (s)| CP_ITER| CP_FLAG|   CP_INEQ|     PAIR  TRIANGLE    CLIQUE|          UB|         GUB|     I      J|     NODE_GAP|          GAP|  OPEN|
|  245|       -1|       0|        -inf|      537272|     0|       121|       6|      -3|      7968|     1125      5000      13.5|      537597|     537597*|    -1     -1|  0.000604343|  0.000604343|     0|
|  245|        0|       1|      537272|      537472|     0|        47|       2|       0|      9595|       56      5000         0|      537565|     537565*|    45     64|  0.000173373|  0.000173373|     0|
|  245|        1|       2|      537472|      537515|     0|        10|       0|       2|      9595|        0         0         0|      537565|      537565|    42    136|  9.40378e-05|  9.40378e-05|     0|
|  244|        0|       3|      537272|      537571|     0|        78|       4|       2|      8560|     89.5      5000         0|         inf|      537565|    45     64| -1.06699e-05| -1.06699e-05|     0|
|  244|        1|       4|      537472|      537523|     0|        31|       1|       2|      9498|        0      5000         0|      537597|      537565|    42    136|   7.7633e-05|   7.7633e-05|     0|

WALL_TIME: 209 sec
N_NODES: 5
AVG_INEQ: 4256.8
AVG_CP_ITER: 2.6
ROOT_GAP: 0.000604343
GAP: 0
BEST: 537565

