
DATA_PATH, n, d, k: ../datasets/vertebral.txt 310 6 2
CONSTRAINTS_PATH: ../constraints/vertebral/ml_100_cl_0_2.txt
LOG_PATH: ../PRUEBAS/vertebral/log_vertebral_ml_100_cl_0_2.txt

BRANCH_AND_BOUND_TOL: 0.0001
BRANCH_AND_BOUND_PARALLEL: 16
BRANCH_AND_BOUND_MAX_NODES: 200
BRANCH_AND_BOUND_VISITING_STRATEGY: 0

SDP_SOLVER_SESSION_THREADS_ROOT: 16
SDP_SOLVER_SESSION_THREADS: 1
SDP_SOLVER_FOLDER: /home/teresa/SDPNAL/SDPNAL+v1.0
SDP_SOLVER_TOL: 1e-05
SDP_SOLVER_VERBOSE: 0
SDP_SOLVER_MAX_CP_ITER_ROOT: 80
SDP_SOLVER_MAX_CP_ITER: 40
SDP_SOLVER_CP_TOL: 1e-06
SDP_SOLVER_MAX_INEQ: 100000
SDP_SOLVER_INHERIT_PERC: 1
SDP_SOLVER_EPS_INEQ: 0.0001
SDP_SOLVER_EPS_ACTIVE: 1e-06
SDP_SOLVER_MAX_PAIR_INEQ: 100000
SDP_SOLVER_PAIR_PERC: 0.05
SDP_SOLVER_MAX_TRIANGLE_INEQ: 100000
SDP_SOLVER_TRIANGLE_PERC: 0.05


|    N| NODE_PAR|    NODE|      LB_PAR|          LB|  FLAG|  TIME (s)| CP_ITER| CP_FLAG|   CP_INEQ|     PAIR  TRIANGLE    CLIQUE|          UB|         GUB|     I      J|     NODE_GAP|          GAP|  OPEN|
|  211|       -1|       0|        -inf|      534472|     0|       106|       8|      -3|     11321|     1140      5000    23.375|      534594|     534594*|    -1     -1|  0.000227709|  0.000227709|     0|
|  211|        0|       1|      534472|      534507|     0|        29|       2|      -3|      9874|        0       471         0|      534594|      534594|     0    116|  0.000163667|  0.000163667|     0|
|  210|        0|       2|      534472|      534504|     0|        30|       1|      -3|     10709|        0      5000         0|      534606|      534594|     0    116|   0.00016893|   0.00016893|     0|
|  210|        2|       3|      534504|      534593|     0|         9|       0|       2|     10709|        0         0         0|      534606|      534594|   106    114|  2.46534e-06|  2.46534e-06|     0|
|  211|        1|       4|      534507|      534582|     0|         9|       0|       2|      9874|        0         0         0|      534594|      534594|     3    106|  2.30021e-05|  2.30021e-05|     0|
|  210|        1|       5|      534507|      534557|     0|        16|       1|       2|     10771|      132      5000         0|      534617|      534594|     3    106|  6.85553e-05|  6.85553e-05|     0|
|  209|        2|       6|      534504|      534552|     0|        33|       2|       2|     11629|    540.5      5000      14.5|      534647|      534594|   106    114|  7.79848e-05|  7.79848e-05|     0|

WALL_TIME: 178 sec
N_NODES: 7
AVG_INEQ: 3188.77
AVG_CP_ITER: 2
ROOT_GAP: 0.000227709
GAP: 0
BEST: 534594

