
DATA_PATH, n, d, k: ../datasets/seeds.txt 210 7 3
CONSTRAINTS_PATH: ../constraints/seeds/ml_100_cl_0_1.txt
LOG_PATH: ../PRUEBAS/seeds/log_seeds_ml_100_cl_0_1.txt

BRANCH_AND_BOUND_TOL: 0.0001
BRANCH_AND_BOUND_PARALLEL: 16
BRANCH_AND_BOUND_MAX_NODES: 200
BRANCH_AND_BOUND_VISITING_STRATEGY: 0

SDP_SOLVER_SESSION_THREADS_ROOT: 16
SDP_SOLVER_SESSION_THREADS: 1
SDP_SOLVER_FOLDER: /home/teresa/SDPNAL/SDPNAL+v1.0
SDP_SOLVER_TOL: 1e-05
SDP_SOLVER_VERBOSE: 0
SDP_SOLVER_MAX_CP_ITER_ROOT: 80
SDP_SOLVER_MAX_CP_ITER: 40
SDP_SOLVER_CP_TOL: 1e-06
SDP_SOLVER_MAX_INEQ: 100000
SDP_SOLVER_INHERIT_PERC: 1
SDP_SOLVER_EPS_INEQ: 0.0001
SDP_SOLVER_EPS_ACTIVE: 1e-06
SDP_SOLVER_MAX_PAIR_INEQ: 100000
SDP_SOLVER_PAIR_PERC: 0.05
SDP_SOLVER_MAX_TRIANGLE_INEQ: 100000
SDP_SOLVER_TRIANGLE_PERC: 0.05


|    N| NODE_PAR|    NODE|      LB_PAR|          LB|  FLAG|  TIME (s)| CP_ITER| CP_FLAG|   CP_INEQ|     PAIR  TRIANGLE    CLIQUE|          UB|         GUB|     I      J|     NODE_GAP|          GAP|  OPEN|
|  110|       -1|       0|        -inf|     632.708|     0|         7|       2|      -3|      5537|      309      5000         0|     632.934|    632.934*|    -1     -1|  0.000356941|  0.000356941|     0|
|  110|        0|       1|     632.708|     632.801|     0|         5|       1|      -3|      5537|       84      5000         0|     632.934|     632.934|    22    103|  0.000210507|  0.000210507|     0|
|  109|        0|       2|     632.708|     633.536|     0|         6|       1|       2|      5407|       11      5000         0|         inf|     632.934|    22    103| -0.000951726| -0.000951726|     0|
|  109|        1|       3|     632.801|     632.994|     0|         2|       0|       2|      4585|        0         0         0|         inf|     632.934|    76    103| -9.54351e-05| -9.54351e-05|     0|
|  110|        1|       4|     632.801|      632.87|     0|         4|       1|      -3|      5537|       84      5000         0|     632.934|     632.934|    76    103|  0.000100322|  0.000100322|     0|
|  110|        4|       5|      632.87|      632.93|     0|         2|       0|       2|      5537|        0         0         0|     632.934|     632.934|    27     91|  5.53293e-06|  5.53293e-06|     0|
|  109|        4|       6|      632.87|     633.026|     0|         3|       0|       2|      4821|        0         0         0|         inf|     632.934|    27     91| -0.000146214| -0.000146214|     0|

WALL_TIME: 29 sec
N_NODES: 7
AVG_INEQ: 2926.86
AVG_CP_ITER: 0.714286
ROOT_GAP: 0.000356941
GAP: 0
BEST: 632.934

