
DATA_PATH, n, d, k: ../datasets/seeds.txt 210 7 3
CONSTRAINTS_PATH: ../constraints/seeds/ml_50_cl_0_3.txt
LOG_PATH: ../PRUEBAS/seeds/log_seeds_ml_50_cl_0_3.txt

BRANCH_AND_BOUND_TOL: 0.0001
BRANCH_AND_BOUND_PARALLEL: 16
BRANCH_AND_BOUND_MAX_NODES: 200
BRANCH_AND_BOUND_VISITING_STRATEGY: 0

SDP_SOLVER_SESSION_THREADS_ROOT: 16
SDP_SOLVER_SESSION_THREADS: 1
SDP_SOLVER_FOLDER: /home/teresa/SDPNAL/SDPNAL+v1.0
SDP_SOLVER_TOL: 1e-05
SDP_SOLVER_VERBOSE: 0
SDP_SOLVER_MAX_CP_ITER_ROOT: 80
SDP_SOLVER_MAX_CP_ITER: 40
SDP_SOLVER_CP_TOL: 1e-06
SDP_SOLVER_MAX_INEQ: 100000
SDP_SOLVER_INHERIT_PERC: 1
SDP_SOLVER_EPS_INEQ: 0.0001
SDP_SOLVER_EPS_ACTIVE: 1e-06
SDP_SOLVER_MAX_PAIR_INEQ: 100000
SDP_SOLVER_PAIR_PERC: 0.05
SDP_SOLVER_MAX_TRIANGLE_INEQ: 100000
SDP_SOLVER_TRIANGLE_PERC: 0.05


|    N| NODE_PAR|    NODE|      LB_PAR|          LB|  FLAG|  TIME (s)| CP_ITER| CP_FLAG|   CP_INEQ|     PAIR  TRIANGLE    CLIQUE|          UB|         GUB|     I      J|     NODE_GAP|          GAP|  OPEN|
|  160|       -1|       0|        -inf|     624.088|     0|        46|       6|      -3|      5805|    378.5      4209         0|      624.17|     624.17*|    -1     -1|  0.000131697|  0.000131697|     0|
|  160|        0|       1|     624.088|     624.107|     0|        16|       2|      -3|      7921|     24.5      5000         0|      624.17|      624.17|    24     48|  0.000101033|  0.000101033|     0|
|  159|        0|       2|     624.088|     624.088|     0|        22|       2|      -3|      6067|       82      5000         0|     624.169|    624.169*|    24     48|  0.000129396|  0.000129396|     0|
|  159|        1|       3|     624.107|     624.108|     0|         9|       0|       2|      7651|        0         0         0|     624.219|     624.169|    48    154|  9.76341e-05|  9.76341e-05|     0|
|  160|        1|       4|     624.107|     624.156|     0|        11|       2|       2|      5967|        0    1249.5         0|      624.17|     624.169|    48    154|  2.01332e-05|  2.01332e-05|     0|
|  158|        2|       5|     624.088|     624.922|     0|        11|       0|       2|      5899|        0         0         0|         inf|     624.169|    14     26|  -0.00120783|  -0.00120783|     0|
|  159|        2|       6|     624.088|     624.119|     0|        14|       1|       2|      4390|        0      3608         0|     624.169|     624.169|    14     26|  7.90255e-05|  7.90255e-05|     0|

WALL_TIME: 89 sec
N_NODES: 7
AVG_INEQ: 2793.07
AVG_CP_ITER: 1.85714
ROOT_GAP: 0.000131697
GAP: 0
BEST: 624.169

