
DATA_PATH, n, d, k: ../datasets/seeds.txt 210 7 3
CONSTRAINTS_PATH: ../constraints/seeds/ml_25_cl_25_2.txt
LOG_PATH: ../PRUEBAS/seeds/log_seeds_ml_25_cl_25_2.txt

BRANCH_AND_BOUND_TOL: 0.0001
BRANCH_AND_BOUND_PARALLEL: 16
BRANCH_AND_BOUND_MAX_NODES: 200
BRANCH_AND_BOUND_VISITING_STRATEGY: 0

SDP_SOLVER_SESSION_THREADS_ROOT: 16
SDP_SOLVER_SESSION_THREADS: 1
SDP_SOLVER_FOLDER: /home/teresa/SDPNAL/SDPNAL+v1.0
SDP_SOLVER_TOL: 1e-05
SDP_SOLVER_VERBOSE: 0
SDP_SOLVER_MAX_CP_ITER_ROOT: 80
SDP_SOLVER_MAX_CP_ITER: 40
SDP_SOLVER_CP_TOL: 1e-06
SDP_SOLVER_MAX_INEQ: 100000
SDP_SOLVER_INHERIT_PERC: 1
SDP_SOLVER_EPS_INEQ: 0.0001
SDP_SOLVER_EPS_ACTIVE: 1e-06
SDP_SOLVER_MAX_PAIR_INEQ: 100000
SDP_SOLVER_PAIR_PERC: 0.05
SDP_SOLVER_MAX_TRIANGLE_INEQ: 100000
SDP_SOLVER_TRIANGLE_PERC: 0.05


|    N| NODE_PAR|    NODE|      LB_PAR|          LB|  FLAG|  TIME (s)| CP_ITER| CP_FLAG|   CP_INEQ|     PAIR  TRIANGLE    CLIQUE|          UB|         GUB|     I      J|     NODE_GAP|          GAP|  OPEN|
|  185|       -1|       0|        -inf|     617.425|     0|        35|       4|      -3|      9109|   432.25      5000      23.5|      617.73|     617.73*|    -1     -1|  0.000492395|  0.000492395|     0|
|  185|        0|       1|     617.425|      617.43|     0|        21|       2|      -3|      6384|     88.5      5000         0|      617.73|      617.73|    25    157|  0.000485229|  0.000485229|     0|
|  184|        0|       2|     617.425|     617.681|     0|        28|       4|       2|      8255|     35.5      4737         0|     617.954|      617.73|    25    157|  7.93788e-05|  7.93788e-05|     0|
|  185|        1|       3|      617.43|     617.705|     0|        20|       2|       2|      6188|       30      4764         0|      617.73|      617.73|    24     53|  3.97083e-05|  3.97083e-05|     0|
|  184|        1|       4|      617.43|     617.791|     0|        21|       3|       2|      5838|  131.667      5000   1.33333|         inf|      617.73|    24     53| -0.000100014| -0.000100014|     0|

WALL_TIME: 85 sec
N_NODES: 5
AVG_INEQ: 5048.75
AVG_CP_ITER: 3
ROOT_GAP: 0.000492395
GAP: 0
BEST: 617.73

