
DATA_PATH, n, d, k: ../datasets/seeds.txt 210 7 3
CONSTRAINTS_PATH: ../constraints/seeds/ml_50_cl_0_2.txt
LOG_PATH: ../PRUEBAS/seeds/log_seeds_ml_50_cl_0_2.txt

BRANCH_AND_BOUND_TOL: 0.0001
BRANCH_AND_BOUND_PARALLEL: 16
BRANCH_AND_BOUND_MAX_NODES: 200
BRANCH_AND_BOUND_VISITING_STRATEGY: 0

SDP_SOLVER_SESSION_THREADS_ROOT: 16
SDP_SOLVER_SESSION_THREADS: 1
SDP_SOLVER_FOLDER: /home/teresa/SDPNAL/SDPNAL+v1.0
SDP_SOLVER_TOL: 1e-05
SDP_SOLVER_VERBOSE: 0
SDP_SOLVER_MAX_CP_ITER_ROOT: 80
SDP_SOLVER_MAX_CP_ITER: 40
SDP_SOLVER_CP_TOL: 1e-06
SDP_SOLVER_MAX_INEQ: 100000
SDP_SOLVER_INHERIT_PERC: 1
SDP_SOLVER_EPS_INEQ: 0.0001
SDP_SOLVER_EPS_ACTIVE: 1e-06
SDP_SOLVER_MAX_PAIR_INEQ: 100000
SDP_SOLVER_PAIR_PERC: 0.05
SDP_SOLVER_MAX_TRIANGLE_INEQ: 100000
SDP_SOLVER_TRIANGLE_PERC: 0.05


|    N| NODE_PAR|    NODE|      LB_PAR|          LB|  FLAG|  TIME (s)| CP_ITER| CP_FLAG|   CP_INEQ|     PAIR  TRIANGLE    CLIQUE|          UB|         GUB|     I      J|     NODE_GAP|          GAP|  OPEN|
|  160|       -1|       0|        -inf|     619.031|     0|        30|       4|      -3|      5861|   317.25      5000         0|      619.15|     619.15*|    -1     -1|  0.000193414|  0.000193414|     0|
|  160|        0|       1|     619.031|     619.031|     0|         9|       1|      -3|      5861|       57      5000         0|      619.15|      619.15|    24     33|  0.000193414|  0.000193414|     0|
|  159|        0|       2|     619.031|     619.094|     0|        10|       1|       2|      6389|      128      5000         0|     619.257|      619.15|    24     33|  9.05697e-05|  9.05697e-05|     0|
|  160|        1|       3|     619.031|     619.102|     0|         7|       0|       2|      5861|        0         0         0|      619.15|      619.15|    20     33|  7.85684e-05|  7.85684e-05|     0|
|  159|        1|       4|     619.031|     619.251|     0|         7|       1|       2|      6075|       16      5000         0|         inf|      619.15|    20     33| -0.000163253| -0.000163253|     0|

WALL_TIME: 54 sec
N_NODES: 5
AVG_INEQ: 4103.65
AVG_CP_ITER: 1.4
ROOT_GAP: 0.000193414
GAP: 0
BEST: 619.15

