
DATA_PATH, n, d, k: ../datasets/seeds.txt 210 7 3
CONSTRAINTS_PATH: ../constraints/seeds/ml_0_cl_100_2.txt
LOG_PATH: ../PRUEBAS/seeds/log_seeds_ml_0_cl_100_2.txt

BRANCH_AND_BOUND_TOL: 0.0001
BRANCH_AND_BOUND_PARALLEL: 16
BRANCH_AND_BOUND_MAX_NODES: 200
BRANCH_AND_BOUND_VISITING_STRATEGY: 0

SDP_SOLVER_SESSION_THREADS_ROOT: 16
SDP_SOLVER_SESSION_THREADS: 1
SDP_SOLVER_FOLDER: /home/teresa/SDPNAL/SDPNAL+v1.0
SDP_SOLVER_TOL: 1e-05
SDP_SOLVER_VERBOSE: 0
SDP_SOLVER_MAX_CP_ITER_ROOT: 80
SDP_SOLVER_MAX_CP_ITER: 40
SDP_SOLVER_CP_TOL: 1e-06
SDP_SOLVER_MAX_INEQ: 100000
SDP_SOLVER_INHERIT_PERC: 1
SDP_SOLVER_EPS_INEQ: 0.0001
SDP_SOLVER_EPS_ACTIVE: 1e-06
SDP_SOLVER_MAX_PAIR_INEQ: 100000
SDP_SOLVER_PAIR_PERC: 0.05
SDP_SOLVER_MAX_TRIANGLE_INEQ: 100000
SDP_SOLVER_TRIANGLE_PERC: 0.05


|    N| NODE_PAR|    NODE|      LB_PAR|          LB|  FLAG|  TIME (s)| CP_ITER| CP_FLAG|   CP_INEQ|     PAIR  TRIANGLE    CLIQUE|          UB|         GUB|     I      J|     NODE_GAP|          GAP|  OPEN|
|  210|       -1|       0|        -inf|      623.63|     0|        48|       5|      -3|      8822|    518.8      4070       0.8|     624.302|    624.302*|    -1     -1|   0.00107585|   0.00107585|     0|
|  210|        0|       1|      623.63|     623.918|     0|         6|       0|       0|      8822|        0         0         0|     624.302|     624.302|     8    133|   0.00061496|   0.00061496|     0|
PRUNING BY OPTIMALITY 1
|  209|        0|       2|      623.63|      623.63|     0|        19|       1|      -3|      7066|       18      5000         0|      624.56|     624.302|     8    133|   0.00107585|   0.00107585|     0|
|  209|        2|       3|      623.63|     624.451|     0|         6|       0|       2|      7066|        0         0         0|      624.56|     624.302|     8    122| -0.000239283| -0.000239283|     0|
|  208|        2|       4|      623.63|     625.128|     0|        14|       1|       2|      6919|       24      5000         0|         inf|     624.302|     8    122|  -0.00132389|  -0.00132389|     0|

WALL_TIME: 91 sec
N_NODES: 5
AVG_INEQ: 2926.32
AVG_CP_ITER: 1.4
ROOT_GAP: 0.00107585
GAP: 0
BEST: 624.302

