
DATA_PATH, n, d, k: ../datasets/seeds.txt 210 7 3
CONSTRAINTS_PATH: ../constraints/seeds/ml_50_cl_50_1.txt
LOG_PATH: ../PRUEBAS/seeds/log_seeds_ml_50_cl_50_1.txt

BRANCH_AND_BOUND_TOL: 0.0001
BRANCH_AND_BOUND_PARALLEL: 16
BRANCH_AND_BOUND_MAX_NODES: 200
BRANCH_AND_BOUND_VISITING_STRATEGY: 0

SDP_SOLVER_SESSION_THREADS_ROOT: 16
SDP_SOLVER_SESSION_THREADS: 1
SDP_SOLVER_FOLDER: /home/teresa/SDPNAL/SDPNAL+v1.0
SDP_SOLVER_TOL: 1e-05
SDP_SOLVER_VERBOSE: 0
SDP_SOLVER_MAX_CP_ITER_ROOT: 80
SDP_SOLVER_MAX_CP_ITER: 40
SDP_SOLVER_CP_TOL: 1e-06
SDP_SOLVER_MAX_INEQ: 100000
SDP_SOLVER_INHERIT_PERC: 1
SDP_SOLVER_EPS_INEQ: 0.0001
SDP_SOLVER_EPS_ACTIVE: 1e-06
SDP_SOLVER_MAX_PAIR_INEQ: 100000
SDP_SOLVER_PAIR_PERC: 0.05
SDP_SOLVER_MAX_TRIANGLE_INEQ: 100000
SDP_SOLVER_TRIANGLE_PERC: 0.05


|    N| NODE_PAR|    NODE|      LB_PAR|          LB|  FLAG|  TIME (s)| CP_ITER| CP_FLAG|   CP_INEQ|     PAIR  TRIANGLE    CLIQUE|          UB|         GUB|     I      J|     NODE_GAP|          GAP|  OPEN|
|  160|       -1|       0|        -inf|      641.09|     0|        16|       2|      -3|      6036|    564.5      5000         0|      641.83|     641.83*|    -1     -1|   0.00115265|   0.00115265|     0|
|  160|        0|       1|      641.09|     641.399|     0|        12|       1|      -3|      6036|       93      5000         0|      641.83|      641.83|   120    142|  0.000670378|  0.000670378|     0|
|  159|        0|       2|      641.09|     642.153|     0|        14|       1|       2|      6137|      149      5000         0|         inf|      641.83|   120    142|   -0.0005041|   -0.0005041|     0|
|  160|        1|       3|     641.399|     641.619|     0|        10|       1|      -3|      6036|       46      5000         0|      641.83|      641.83|    24     27|  0.000328361|  0.000328361|     0|
|  159|        1|       4|     641.399|      641.85|     0|        13|       1|       2|      5935|      145      5000         0|         inf|      641.83|    24     27| -3.23184e-05| -3.23184e-05|     0|
|  159|        3|       5|     641.619|     642.189|     0|         9|       1|       2|      6058|       59      5000         0|         inf|      641.83|    34    107| -0.000559057| -0.000559057|     0|
|  160|        3|       6|     641.619|     641.819|     0|        10|       2|       2|      9856|       57      5000         0|      641.83|      641.83|    34    107|  1.67884e-05|  1.67884e-05|     0|

WALL_TIME: 60 sec
N_NODES: 7
AVG_INEQ: 5159.07
AVG_CP_ITER: 1.28571
ROOT_GAP: 0.00115265
GAP: 0
BEST: 641.83

