
DATA_PATH, n, d, k: ../datasets/seeds.txt 210 7 3
CONSTRAINTS_PATH: ../constraints/seeds/ml_25_cl_25_1.txt
LOG_PATH: ../PRUEBAS/seeds/log_seeds_ml_25_cl_25_1.txt

BRANCH_AND_BOUND_TOL: 0.0001
BRANCH_AND_BOUND_PARALLEL: 16
BRANCH_AND_BOUND_MAX_NODES: 200
BRANCH_AND_BOUND_VISITING_STRATEGY: 0

SDP_SOLVER_SESSION_THREADS_ROOT: 16
SDP_SOLVER_SESSION_THREADS: 1
SDP_SOLVER_FOLDER: /home/teresa/SDPNAL/SDPNAL+v1.0
SDP_SOLVER_TOL: 1e-05
SDP_SOLVER_VERBOSE: 0
SDP_SOLVER_MAX_CP_ITER_ROOT: 80
SDP_SOLVER_MAX_CP_ITER: 40
SDP_SOLVER_CP_TOL: 1e-06
SDP_SOLVER_MAX_INEQ: 100000
SDP_SOLVER_INHERIT_PERC: 1
SDP_SOLVER_EPS_INEQ: 0.0001
SDP_SOLVER_EPS_ACTIVE: 1e-06
SDP_SOLVER_MAX_PAIR_INEQ: 100000
SDP_SOLVER_PAIR_PERC: 0.05
SDP_SOLVER_MAX_TRIANGLE_INEQ: 100000
SDP_SOLVER_TRIANGLE_PERC: 0.05


|    N| NODE_PAR|    NODE|      LB_PAR|          LB|  FLAG|  TIME (s)| CP_ITER| CP_FLAG|   CP_INEQ|     PAIR  TRIANGLE    CLIQUE|          UB|         GUB|     I      J|     NODE_GAP|          GAP|  OPEN|
|  185|       -1|       0|        -inf|     596.287|     0|        24|       3|      -3|      5923|  564.333      5000         0|     596.609|    596.609*|    -1     -1|   0.00054016|   0.00054016|     0|
|  184|        0|       1|     596.287|     596.484|     0|        21|       2|      -3|      5822|      137      5000         0|     596.695|     596.609|    33     89|  0.000210375|  0.000210375|     0|
|  185|        0|       2|     596.287|     596.547|     0|        22|       3|      -3|      5898|       97      5000         0|     596.609|     596.609|    33     89|  0.000103645|  0.000103645|     0|
|  185|        2|       3|     596.547|     596.576|     0|         6|       0|       2|      5898|        0         0         0|     596.609|     596.609|    84    121|  5.58628e-05|  5.58628e-05|     0|
|  184|        1|       4|     596.484|      596.56|     0|        11|       0|       2|      5822|        0         0         0|     596.695|     596.609|    25    146|  8.17105e-05|  8.17105e-05|     0|
|  184|        2|       5|     596.547|     597.656|     0|        14|       1|       2|      5644|       58      5000         0|         inf|     596.609|    84    121|  -0.00175499|  -0.00175499|     0|
|  183|        1|       6|     596.484|     597.685|     0|        18|       1|       2|      5872|       99      5000         0|         inf|     596.609|    25    146|  -0.00180352|  -0.00180352|     0|

WALL_TIME: 73 sec
N_NODES: 7
AVG_INEQ: 3707.9
AVG_CP_ITER: 1.42857
ROOT_GAP: 0.00054016
GAP: 0
BEST: 596.609

