
DATA_PATH, n, d, k: ../datasets/seeds.txt 210 7 3
CONSTRAINTS_PATH: ../constraints/seeds/ml_0_cl_100_1.txt
LOG_PATH: ../PRUEBAS/seeds/log_seeds_ml_0_cl_100_1.txt

BRANCH_AND_BOUND_TOL: 0.0001
BRANCH_AND_BOUND_PARALLEL: 16
BRANCH_AND_BOUND_MAX_NODES: 200
BRANCH_AND_BOUND_VISITING_STRATEGY: 0

SDP_SOLVER_SESSION_THREADS_ROOT: 16
SDP_SOLVER_SESSION_THREADS: 1
SDP_SOLVER_FOLDER: /home/teresa/SDPNAL/SDPNAL+v1.0
SDP_SOLVER_TOL: 1e-05
SDP_SOLVER_VERBOSE: 0
SDP_SOLVER_MAX_CP_ITER_ROOT: 80
SDP_SOLVER_MAX_CP_ITER: 40
SDP_SOLVER_CP_TOL: 1e-06
SDP_SOLVER_MAX_INEQ: 100000
SDP_SOLVER_INHERIT_PERC: 1
SDP_SOLVER_EPS_INEQ: 0.0001
SDP_SOLVER_EPS_ACTIVE: 1e-06
SDP_SOLVER_MAX_PAIR_INEQ: 100000
SDP_SOLVER_PAIR_PERC: 0.05
SDP_SOLVER_MAX_TRIANGLE_INEQ: 100000
SDP_SOLVER_TRIANGLE_PERC: 0.05


|    N| NODE_PAR|    NODE|      LB_PAR|          LB|  FLAG|  TIME (s)| CP_ITER| CP_FLAG|   CP_INEQ|     PAIR  TRIANGLE    CLIQUE|          UB|         GUB|     I      J|     NODE_GAP|          GAP|  OPEN|
|  210|       -1|       0|        -inf|     611.153|     0|        39|       4|      -3|      5732|   544.75      5000         5|       611.6|      611.6*|    -1     -1|  0.000730601|  0.000730601|     0|
|  210|        0|       1|     611.153|     611.202|     0|        11|       0|       0|      5732|        0         0         0|       611.6|       611.6|   160    165|  0.000649618|  0.000649618|     0|
PRUNING BY OPTIMALITY 1
|  209|        0|       2|     611.153|     611.435|     0|        31|       3|      -3|      5601|  11.3333      4034         0|     611.816|       611.6|   160    165|  0.000269191|  0.000269191|     0|
|  209|        2|       3|     611.435|     611.439|     0|         8|       0|       0|      5601|        0         0         0|     611.816|       611.6|   160    190|  0.000262177|  0.000262177|     0|
PRUNING BY OPTIMALITY 3
|  208|        2|       4|     611.435|     611.519|     0|        21|       1|      -3|      5222|       71      5000         0|     611.929|       611.6|   160    190|  0.000131081|  0.000131081|     0|
|  208|        4|       5|     611.519|     611.639|     0|        11|       0|       2|      5222|        0         0         0|     611.929|       611.6|    43    139| -6.37995e-05| -6.37995e-05|     0|
|  207|        4|       6|     611.519|     611.955|     0|        17|       1|       2|      5643|      242      5000         0|         inf|       611.6|    43    139| -0.000581871| -0.000581871|     0|

WALL_TIME: 120 sec
N_NODES: 7
AVG_INEQ: 2844.01
AVG_CP_ITER: 1.28571
ROOT_GAP: 0.000730601
GAP: 0
BEST: 611.6

