
DATA_PATH, n, d, k: ../datasets/seeds.txt 210 7 3
CONSTRAINTS_PATH: ../constraints/seeds/ml_25_cl_25_4.txt
LOG_PATH: ../PRUEBAS/seeds/log_seeds_ml_25_cl_25_4.txt

BRANCH_AND_BOUND_TOL: 0.0001
BRANCH_AND_BOUND_PARALLEL: 16
BRANCH_AND_BOUND_MAX_NODES: 200
BRANCH_AND_BOUND_VISITING_STRATEGY: 0

SDP_SOLVER_SESSION_THREADS_ROOT: 16
SDP_SOLVER_SESSION_THREADS: 1
SDP_SOLVER_FOLDER: /home/teresa/SDPNAL/SDPNAL+v1.0
SDP_SOLVER_TOL: 1e-05
SDP_SOLVER_VERBOSE: 0
SDP_SOLVER_MAX_CP_ITER_ROOT: 80
SDP_SOLVER_MAX_CP_ITER: 40
SDP_SOLVER_CP_TOL: 1e-06
SDP_SOLVER_MAX_INEQ: 100000
SDP_SOLVER_INHERIT_PERC: 1
SDP_SOLVER_EPS_INEQ: 0.0001
SDP_SOLVER_EPS_ACTIVE: 1e-06
SDP_SOLVER_MAX_PAIR_INEQ: 100000
SDP_SOLVER_PAIR_PERC: 0.05
SDP_SOLVER_MAX_TRIANGLE_INEQ: 100000
SDP_SOLVER_TRIANGLE_PERC: 0.05


|    N| NODE_PAR|    NODE|      LB_PAR|          LB|  FLAG|  TIME (s)| CP_ITER| CP_FLAG|   CP_INEQ|     PAIR  TRIANGLE    CLIQUE|          UB|         GUB|     I      J|     NODE_GAP|          GAP|  OPEN|
|  185|       -1|       0|        -inf|     608.289|     0|        44|       5|      -3|      5661|    447.6      5000         0|     608.407|    608.407*|    -1     -1|  0.000193796|  0.000193796|     0|
|  185|        0|       1|     608.289|     608.289|     0|        14|       1|      -3|      5661|        0        32         0|     608.407|     608.407|    71    125|  0.000193796|  0.000193796|     0|
|  184|        0|       2|     608.289|      608.85|     0|        15|       1|       2|      5605|       54      5000         0|         inf|     608.407|    71    125| -0.000727361| -0.000727361|     0|
|  185|        1|       3|     608.289|     608.289|     0|         7|       0|       0|      5661|        0         0         0|     608.407|     608.407|    19    177|  0.000193796|  0.000193796|     0|
PRUNING BY OPTIMALITY 3
|  184|        1|       4|     608.289|     608.333|     0|        15|       1|      -3|      4775|       70      5000         0|     608.726|     608.407|    19    177|  0.000121745|  0.000121745|     0|
|  184|        4|       5|     608.333|     608.695|     0|         5|       0|       2|      4775|        0         0         0|     608.726|     608.407|    19    151| -0.000472972| -0.000472972|     0|
|  183|        4|       6|     608.333|      609.02|     0|         8|       0|       2|      4760|        0         0         0|         inf|     608.407|    19    151|  -0.00100788|  -0.00100788|     0|

WALL_TIME: 92 sec
N_NODES: 7
AVG_INEQ: 2229.09
AVG_CP_ITER: 1.14286
ROOT_GAP: 0.000193796
GAP: 0
BEST: 608.407

