
DATA_PATH, n, d, k: ../datasets/seeds.txt 210 7 3
CONSTRAINTS_PATH: ../constraints/seeds/ml_0_cl_100_3.txt
LOG_PATH: ../PRUEBAS/seeds/log_seeds_ml_0_cl_100_3.txt

BRANCH_AND_BOUND_TOL: 0.0001
BRANCH_AND_BOUND_PARALLEL: 16
BRANCH_AND_BOUND_MAX_NODES: 200
BRANCH_AND_BOUND_VISITING_STRATEGY: 0

SDP_SOLVER_SESSION_THREADS_ROOT: 16
SDP_SOLVER_SESSION_THREADS: 1
SDP_SOLVER_FOLDER: /home/teresa/SDPNAL/SDPNAL+v1.0
SDP_SOLVER_TOL: 1e-05
SDP_SOLVER_VERBOSE: 0
SDP_SOLVER_MAX_CP_ITER_ROOT: 80
SDP_SOLVER_MAX_CP_ITER: 40
SDP_SOLVER_CP_TOL: 1e-06
SDP_SOLVER_MAX_INEQ: 100000
SDP_SOLVER_INHERIT_PERC: 1
SDP_SOLVER_EPS_INEQ: 0.0001
SDP_SOLVER_EPS_ACTIVE: 1e-06
SDP_SOLVER_MAX_PAIR_INEQ: 100000
SDP_SOLVER_PAIR_PERC: 0.05
SDP_SOLVER_MAX_TRIANGLE_INEQ: 100000
SDP_SOLVER_TRIANGLE_PERC: 0.05


|    N| NODE_PAR|    NODE|      LB_PAR|          LB|  FLAG|  TIME (s)| CP_ITER| CP_FLAG|   CP_INEQ|     PAIR  TRIANGLE    CLIQUE|          UB|         GUB|     I      J|     NODE_GAP|          GAP|  OPEN|
|  210|       -1|       0|        -inf|     655.136|     0|        65|       5|      -3|      6786|    567.6      5000       1.6|     656.197|    656.197*|    -1     -1|   0.00161717|   0.00161717|     0|
|  210|        0|       1|     655.136|     655.857|     0|        19|       1|       0|      4843|        0      3154         0|     656.197|     656.197|    26     69|  0.000517752|  0.000517752|     0|
PRUNING BY OPTIMALITY 1
|  209|        0|       2|     655.136|     655.453|     0|        34|       3|      -3|      5727|  80.3333      5000         0|      656.31|     656.197|    26     69|   0.00113423|   0.00113423|     0|
|  209|        2|       3|     655.453|      655.94|     0|        26|       2|      -3|      5948|      127      5000         0|      656.31|     656.197|   137    138|  0.000392571|  0.000392571|     0|
|  209|        3|       4|      655.94|     656.203|     0|        15|       0|       2|      5948|        0         0         0|      656.31|     656.197|    39    141| -8.28553e-06| -8.28553e-06|     0|
|  208|        2|       5|     655.453|     656.144|     0|        48|       7|       2|      5627|  121.857      5000         0|     656.823|     656.197|   137    138|  8.02014e-05|  8.02014e-05|     0|
|  208|        3|       6|      655.94|     664.067|     0|        24|       1|       2|      5920|      313      5000         0|         inf|     656.197|    39    141|   -0.0119935|   -0.0119935|     0|

WALL_TIME: 160 sec
N_NODES: 7
AVG_INEQ: 4195.06
AVG_CP_ITER: 2.71429
ROOT_GAP: 0.00161717
GAP: 0
BEST: 656.197

