
DATA_PATH, n, d, k: ../datasets/gene.txt 801 20531 5
CONSTRAINTS_PATH: ../constraints/gene/ml_0_cl_400_3.txt
LOG_PATH: ../PRUEBAS/gene_dos/log_gene_ml_0_cl_400_3.txt

BRANCH_AND_BOUND_TOL: 0.0001
BRANCH_AND_BOUND_PARALLEL: 16
BRANCH_AND_BOUND_MAX_NODES: 200
BRANCH_AND_BOUND_VISITING_STRATEGY: 0

SDP_SOLVER_SESSION_THREADS_ROOT: 16
SDP_SOLVER_SESSION_THREADS: 1
SDP_SOLVER_FOLDER: /home/teresa/SDPNAL/SDPNAL+v1.0
SDP_SOLVER_TOL: 1e-05
SDP_SOLVER_VERBOSE: 0
SDP_SOLVER_MAX_CP_ITER_ROOT: 80
SDP_SOLVER_MAX_CP_ITER: 40
SDP_SOLVER_CP_TOL: 1e-06
SDP_SOLVER_MAX_INEQ: 100000
SDP_SOLVER_INHERIT_PERC: 1
SDP_SOLVER_EPS_INEQ: 0.0001
SDP_SOLVER_EPS_ACTIVE: 1e-06
SDP_SOLVER_MAX_PAIR_INEQ: 100000
SDP_SOLVER_PAIR_PERC: 0.05
SDP_SOLVER_MAX_TRIANGLE_INEQ: 100000
SDP_SOLVER_TRIANGLE_PERC: 0.05


|    N| NODE_PAR|    NODE|      LB_PAR|          LB|  FLAG|  TIME (s)| CP_ITER| CP_FLAG|   CP_INEQ|     PAIR  TRIANGLE    CLIQUE|          UB|         GUB|     I      J|     NODE_GAP|          GAP|  OPEN|
|  801|       -1|       0|        -inf| 1.78037e+07|     0|       380|       2|      -3|      9638|     2427      5000         0| 1.78068e+07|1.78068e+07*|    -1     -1|  0.000174345|  0.000174345|     0|
|  801|        0|       1| 1.78037e+07| 1.78049e+07|     0|       429|       1|      -3|      9638|      354      5000         0| 1.78068e+07| 1.78068e+07|   252    662|  0.000102738|  0.000102738|     0|
|  800|        0|       2| 1.78037e+07| 1.78051e+07|     0|       442|       0|       2|      9446|        0         0         0| 1.78069e+07| 1.78068e+07|   252    662|  9.11515e-05|  9.11515e-05|     0|
|  801|        1|       3| 1.78049e+07| 1.78053e+07|     0|       344|       0|       2|      9638|        0         0         0| 1.78068e+07| 1.78068e+07|   507    599|  8.11373e-05|  8.11373e-05|     0|
|  800|        1|       4| 1.78049e+07| 1.78058e+07|     0|       624|       2|       2|      9658|    200.5      5000         0| 1.78073e+07| 1.78068e+07|   507    599|  5.58865e-05|  5.58865e-05|     0|

WALL_TIME: 1468 sec
N_NODES: 5
AVG_INEQ: 3596.3
AVG_CP_ITER: 1
ROOT_GAP: 0.000174345
GAP: 0
BEST: 1.78068e+07

