
DATA_PATH, n, d, k: ../datasets/gene.txt 801 20531 5
CONSTRAINTS_PATH: ../constraints/gene/ml_100_cl_100_3.txt
LOG_PATH: ../PRUEBAS/gene_dos/log_gene_ml_100_cl_100_3.txt

BRANCH_AND_BOUND_TOL: 0.0001
BRANCH_AND_BOUND_PARALLEL: 16
BRANCH_AND_BOUND_MAX_NODES: 200
BRANCH_AND_BOUND_VISITING_STRATEGY: 0

SDP_SOLVER_SESSION_THREADS_ROOT: 16
SDP_SOLVER_SESSION_THREADS: 1
SDP_SOLVER_FOLDER: /home/teresa/SDPNAL/SDPNAL+v1.0
SDP_SOLVER_TOL: 1e-05
SDP_SOLVER_VERBOSE: 0
SDP_SOLVER_MAX_CP_ITER_ROOT: 80
SDP_SOLVER_MAX_CP_ITER: 40
SDP_SOLVER_CP_TOL: 1e-06
SDP_SOLVER_MAX_INEQ: 100000
SDP_SOLVER_INHERIT_PERC: 1
SDP_SOLVER_EPS_INEQ: 0.0001
SDP_SOLVER_EPS_ACTIVE: 1e-06
SDP_SOLVER_MAX_PAIR_INEQ: 100000
SDP_SOLVER_PAIR_PERC: 0.05
SDP_SOLVER_MAX_TRIANGLE_INEQ: 100000
SDP_SOLVER_TRIANGLE_PERC: 0.05


|    N| NODE_PAR|    NODE|      LB_PAR|          LB|  FLAG|  TIME (s)| CP_ITER| CP_FLAG|   CP_INEQ|     PAIR  TRIANGLE    CLIQUE|          UB|         GUB|     I      J|     NODE_GAP|          GAP|  OPEN|
|  701|       -1|       0|        -inf|  1.7823e+07|     0|       343|       2|      -3|      8034|   1520.5      5000         0| 1.78257e+07|1.78257e+07*|    -1     -1|  0.000152596|  0.000152596|     0|
|  701|        0|       1|  1.7823e+07| 1.78231e+07|     0|       356|       1|      -3|      8034|        1      5000         0| 1.78257e+07| 1.78257e+07|   463    541|  0.000150252|  0.000150252|     0|
|  700|        0|       2|  1.7823e+07| 1.78252e+07|     0|       502|       3|       2|      7073|       42      5000         0| 1.78262e+07| 1.78257e+07|   463    541|  3.17865e-05|  3.17865e-05|     0|
|  700|        1|       3| 1.78231e+07| 1.78376e+07|     0|       158|       0|       2|      8013|        0         0         0|         inf| 1.78257e+07|     7    700| -0.000666818| -0.000666818|     0|
|  701|        1|       4| 1.78231e+07| 1.78237e+07|     0|       358|       1|      -3|      8034|        2      5000         0| 1.78257e+07| 1.78257e+07|     7    700|  0.000116333|  0.000116333|     0|
|  700|        4|       5| 1.78237e+07| 1.78258e+07|     0|       114|       0|       2|      7873|        0         0         0|         inf| 1.78257e+07|   523    700| -4.59128e-06| -4.59128e-06|     0|
|  701|        4|       6| 1.78237e+07| 1.78244e+07|     0|       315|       0|       2|      8034|        0         0         0| 1.78257e+07| 1.78257e+07|   523    700|  7.22653e-05|  7.22653e-05|     0|

WALL_TIME: 1390 sec
N_NODES: 7
AVG_INEQ: 3080.79
AVG_CP_ITER: 1
ROOT_GAP: 0.000152596
GAP: 0
BEST: 1.78257e+07

