
DATA_PATH, n, d, k: ../datasets/computers.txt 500 720 2
CONSTRAINTS_PATH: ../constraints/computers/ml_150_cl_0_3.txt
LOG_PATH: ../PRUEBAS/computers_dos/log_computers_ml_150_cl_0_3.txt

BRANCH_AND_BOUND_TOL: 0.0001
BRANCH_AND_BOUND_PARALLEL: 16
BRANCH_AND_BOUND_MAX_NODES: 200
BRANCH_AND_BOUND_VISITING_STRATEGY: 0

SDP_SOLVER_SESSION_THREADS_ROOT: 16
SDP_SOLVER_SESSION_THREADS: 1
SDP_SOLVER_FOLDER: /home/teresa/SDPNAL/SDPNAL+v1.0
SDP_SOLVER_TOL: 1e-05
SDP_SOLVER_VERBOSE: 0
SDP_SOLVER_MAX_CP_ITER_ROOT: 80
SDP_SOLVER_MAX_CP_ITER: 40
SDP_SOLVER_CP_TOL: 1e-06
SDP_SOLVER_MAX_INEQ: 100000
SDP_SOLVER_INHERIT_PERC: 1
SDP_SOLVER_EPS_INEQ: 0.0001
SDP_SOLVER_EPS_ACTIVE: 1e-06
SDP_SOLVER_MAX_PAIR_INEQ: 100000
SDP_SOLVER_PAIR_PERC: 0.05
SDP_SOLVER_MAX_TRIANGLE_INEQ: 100000
SDP_SOLVER_TRIANGLE_PERC: 0.05


|    N| NODE_PAR|    NODE|      LB_PAR|          LB|  FLAG|  TIME (s)| CP_ITER| CP_FLAG|   CP_INEQ|     PAIR  TRIANGLE    CLIQUE|          UB|         GUB|     I      J|     NODE_GAP|          GAP|  OPEN|
|  351|       -1|       0|        -inf|      316862|     0|       560|      16|      -3|      7341|      368      5000     5.375|      316905|     316905*|    -1     -1|  0.000134825|  0.000134825|     0|
|  350|        0|       1|      316862|      316866|     0|       188|       3|       3|      7299|       37      5000         0|      316876|     316876*|   298    337|  3.05901e-05|  3.05901e-05|     0|
|  351|        0|       2|      316862|      316866|     0|       224|       1|      -3|      7341|        0      5000         0|      316870|     316870*|   298    337|  1.49592e-05|  1.49592e-05|     0|

WALL_TIME: 792 sec
N_NODES: 3
AVG_INEQ: 5136.79
AVG_CP_ITER: 6.66667
ROOT_GAP: 0.000134825
GAP: 0
BEST: 316870

