
DATA_PATH, n, d, k: ../datasets/computers.txt 500 720 2
CONSTRAINTS_PATH: ../constraints/computers/ml_75_cl_75_4.txt
LOG_PATH: ../PRUEBAS/computers_dos/log_computers_ml_75_cl_75_4.txt

BRANCH_AND_BOUND_TOL: 0.0001
BRANCH_AND_BOUND_PARALLEL: 16
BRANCH_AND_BOUND_MAX_NODES: 200
BRANCH_AND_BOUND_VISITING_STRATEGY: 0

SDP_SOLVER_SESSION_THREADS_ROOT: 16
SDP_SOLVER_SESSION_THREADS: 1
SDP_SOLVER_FOLDER: /home/teresa/SDPNAL/SDPNAL+v1.0
SDP_SOLVER_TOL: 1e-05
SDP_SOLVER_VERBOSE: 0
SDP_SOLVER_MAX_CP_ITER_ROOT: 80
SDP_SOLVER_MAX_CP_ITER: 40
SDP_SOLVER_CP_TOL: 1e-06
SDP_SOLVER_MAX_INEQ: 100000
SDP_SOLVER_INHERIT_PERC: 1
SDP_SOLVER_EPS_INEQ: 0.0001
SDP_SOLVER_EPS_ACTIVE: 1e-06
SDP_SOLVER_MAX_PAIR_INEQ: 100000
SDP_SOLVER_PAIR_PERC: 0.05
SDP_SOLVER_MAX_TRIANGLE_INEQ: 100000
SDP_SOLVER_TRIANGLE_PERC: 0.05


|    N| NODE_PAR|    NODE|      LB_PAR|          LB|  FLAG|  TIME (s)| CP_ITER| CP_FLAG|   CP_INEQ|     PAIR  TRIANGLE    CLIQUE|          UB|         GUB|     I      J|     NODE_GAP|          GAP|  OPEN|
|  398|       -1|       0|        -inf|      317876|     0|      1423|      26|      -3|      8689|      292      5000   8.34615|      318000|     318000*|    -1     -1|  0.000390807|  0.000390807|     0|
|  398|        0|       1|      317876|      317995|     0|       799|       3|       2|      8107|  65.6667      5000         0|      318000|      318000|     6    197|   1.6404e-05|   1.6404e-05|     0|
|  397|        0|       2|      317876|      318030|     0|      1060|       4|       2|      8426|       38      5000      0.25|         inf|      318000|     6    197| -9.52079e-05| -9.52079e-05|     0|

WALL_TIME: 2493 sec
N_NODES: 3
AVG_INEQ: 5134.75
AVG_CP_ITER: 11
ROOT_GAP: 0.000390807
GAP: 0
BEST: 318000

