
DATA_PATH, n, d, k: ../datasets/computers.txt 500 720 2
CONSTRAINTS_PATH: ../constraints/computers/ml_0_cl_150_3.txt
LOG_PATH: ../PRUEBAS/computers_dos/log_computers_ml_0_cl_150_3.txt

BRANCH_AND_BOUND_TOL: 0.0001
BRANCH_AND_BOUND_PARALLEL: 16
BRANCH_AND_BOUND_MAX_NODES: 200
BRANCH_AND_BOUND_VISITING_STRATEGY: 0

SDP_SOLVER_SESSION_THREADS_ROOT: 16
SDP_SOLVER_SESSION_THREADS: 1
SDP_SOLVER_FOLDER: /home/teresa/SDPNAL/SDPNAL+v1.0
SDP_SOLVER_TOL: 1e-05
SDP_SOLVER_VERBOSE: 0
SDP_SOLVER_MAX_CP_ITER_ROOT: 80
SDP_SOLVER_MAX_CP_ITER: 40
SDP_SOLVER_CP_TOL: 1e-06
SDP_SOLVER_MAX_INEQ: 100000
SDP_SOLVER_INHERIT_PERC: 1
SDP_SOLVER_EPS_INEQ: 0.0001
SDP_SOLVER_EPS_ACTIVE: 1e-06
SDP_SOLVER_MAX_PAIR_INEQ: 100000
SDP_SOLVER_PAIR_PERC: 0.05
SDP_SOLVER_MAX_TRIANGLE_INEQ: 100000
SDP_SOLVER_TRIANGLE_PERC: 0.05


|    N| NODE_PAR|    NODE|      LB_PAR|          LB|  FLAG|  TIME (s)| CP_ITER| CP_FLAG|   CP_INEQ|     PAIR  TRIANGLE    CLIQUE|          UB|         GUB|     I      J|     NODE_GAP|          GAP|  OPEN|
|  427|       -1|       0|        -inf|      317582|     0|       834|      16|      -3|      8397|      403      5000    6.6875|      317781|     317781*|    -1     -1|  0.000627105|  0.000627105|     0|
|  427|        0|       1|      317582|      317767|     0|       716|       3|       2|      8307|       40      5000         0|      317781|      317781|   160    318|  4.50174e-05|  4.50174e-05|     0|
|  426|        0|       2|      317582|      317768|     0|       757|       4|       2|      8222|     33.5      5000         0|      317786|      317781|   160    318|  4.13724e-05|  4.13724e-05|     0|

WALL_TIME: 1601 sec
N_NODES: 3
AVG_INEQ: 5161.06
AVG_CP_ITER: 7.66667
ROOT_GAP: 0.000627105
GAP: 0
BEST: 317781

