
DATA_PATH, n, d, k: ../datasets/heart.txt 299 12 2
CONSTRAINTS_PATH: ../constraints/heart/ml_50_cl_50_2.txt
LOG_PATH: ../PRUEBAS/heart/log_heart_ml_50_cl_50_2.txt

BRANCH_AND_BOUND_TOL: 0.0001
BRANCH_AND_BOUND_PARALLEL: 16
BRANCH_AND_BOUND_MAX_NODES: 200
BRANCH_AND_BOUND_VISITING_STRATEGY: 0

SDP_SOLVER_SESSION_THREADS_ROOT: 16
SDP_SOLVER_SESSION_THREADS: 1
SDP_SOLVER_FOLDER: /home/teresa/SDPNAL/SDPNAL+v1.0
SDP_SOLVER_TOL: 1e-05
SDP_SOLVER_VERBOSE: 0
SDP_SOLVER_MAX_CP_ITER_ROOT: 80
SDP_SOLVER_MAX_CP_ITER: 40
SDP_SOLVER_CP_TOL: 1e-06
SDP_SOLVER_MAX_INEQ: 100000
SDP_SOLVER_INHERIT_PERC: 1
SDP_SOLVER_EPS_INEQ: 0.0001
SDP_SOLVER_EPS_ACTIVE: 1e-06
SDP_SOLVER_MAX_PAIR_INEQ: 100000
SDP_SOLVER_PAIR_PERC: 0.05
SDP_SOLVER_MAX_TRIANGLE_INEQ: 100000
SDP_SOLVER_TRIANGLE_PERC: 0.05


|    N| NODE_PAR|    NODE|      LB_PAR|          LB|  FLAG|  TIME (s)| CP_ITER| CP_FLAG|   CP_INEQ|     PAIR  TRIANGLE    CLIQUE|          UB|         GUB|     I      J|     NODE_GAP|          GAP|  OPEN|
|  225|       -1|       0|        -inf|     3331.51|     0|        82|       7|      -3|      6520|      491      5000   7.14286|     3334.85|    3334.85*|    -1     -1|  0.000999761|  0.000999761|     0|
|  225|        0|       1|     3331.51|     3332.75|     0|        84|       2|      -3|      7161|        0      5000         0|     3332.96|    3332.96*|    15     29|  6.38635e-05|  6.38635e-05|     0|
|  224|        0|       2|     3331.51|     3334.29|     0|       239|       6|      -3|      8019|  23.1667      4235         0|         inf|     3332.96|    15     29| -0.000398878| -0.000398878|     0|

WALL_TIME: 327 sec
N_NODES: 3
AVG_INEQ: 4918.77
AVG_CP_ITER: 5
ROOT_GAP: 0.000999761
GAP: 0
BEST: 3332.96

